9622762624
7822375741
7220977735
6904753721
9312944099
9042343752
6662061512
9414251614
8189213649
8937487958
6566533180
7348841037
7082619398
7433335813
9749583782
7380599268
7999230110
7139926527
7330522306
8739142438
9799540914
7223497760
9006197921
9714877698
9973656967
6890594708
8029606206
7191632776
8606874969
7416103488
8138734483
8248366497
8868339180
8909728151
8180149423
6647302576
8956784108
9981570609
6683361474
9405992429
9838539888
8580483616
9108053049
9136960759
7030150290
6572475687
9541317626
8841767494
6663974532
7293658547
8259079452
9238931887
9103571999
9939760158
9620842092
8028344509
8275633091
9147818188
7783074506
8201481654
7686247680
7049958752
6798290186
8032245986
7287322678
7641392910
8563454254
9046405754
9561096406
6891498122
8872881582
6968492418
9453018285
9394830902
9075731100
7225319580
8164087996
9570717335
8688536933
8803310741
7579116868
9904427016
7412249897
8754684910
9222260544
7407218228
8201705429
7644061140
8370113132
8255458784
7774411818
7125120123
8199153557
9175583394
7621366555
7571319753
8497624337
7888369097
8648228091
8637224297
8151582886
7242741330
8638602212
8646295732
8468340086
8962570741
8362538123
9763410158
9152585398
6896080121
9803933956
8200782720
7379837189
7521115989
6786457358
7861604935
9212745223
8246717007
6616978429
6884506222
9918233802
6958158059
8707166377
7680286492
9790334424
7432290370
9724876945
9659038307
8028358014
9599251260
6735081793
8344031347
7587903909
9113492360
9052556679
6544945965
7612281297
9295839504
9759232093
8870443164
6964131025
9003330349
7829778920
9840052337
8886362214
7474829362
9451604097
9335942353
8662372171
8908653495
7294813400
9048353055
7311161079
8817404580
8320627423
6747470445
8365485345
9942368642
7240087740
9468718907
7760082334
7558641806
9680415561
9962344179
6977111290
7704142472
9751749409
9853058948
8274275933
9253095482
9218490529
8450387864
9680795563
8517929063
6843625913
8803232167
8468311739
7687886832
6731606232
7025477550
8948920678
9762192640
8449411767
8673937875
7944080118
7040569703
8765063020
9077701260
8343796075
9653464897
7287943065
8778850768
7424788654
8992671138
9056443704
8635414900
9382054571
7454668215
7883739327
8292065774
7305132722
9203977486
9967261583
9549689768
9658483974
9273671149
7971719025
7444724804
7547993995
6784204832
8027461302
8495795227
9979862008
7892011773
7604261863
9987233822
7050270360
9512813032
9122263631
7029353556
7632900187
8178658280
9427708331
6879238779
9990278939
8900363235
9311173372
7141723299
6787681053
8881035906
6661049954
9661775910
9693402554
9184667887
8319708525
8374852659
9687172057
9212396311
8593925237
9252963933
6962224398
7403317354
8124957619
9872399004
9522324767
7502817097
7798912178
8605831098
6539566134
7272505576
6781402702
9133681989
8949432528
9949350892
8215197216
6676113373
8848572812
8476665837
7231398131
7448351537
6560114230
7013344316
9767719798
8875141868
7155831428
9818492282
9647218404
8935526239
9422021174
8953765187
8345003565
7205998495
7793599463
9821182973
9903907327
6621706064
9105055280
9788741671
8863409001
7949690625
8305521658
9185101009
6719443209
8291458670
7273254103
9327676124
7979603452
7163501702
9755305373
8725216688
8166982216
7754478928
7759492351
7613256916
8601230570
6575929029
8833831788
8495483727
6557226697
7670935187
7268128774
7451464241
7928932969
9246805079
8616405974
9737586382
6817744734
9186039549
9109760223
7308995278
8071975715
9335134998
7091267395
8896070741
7376452815
7908079753
9749477062
6706475147
7820909386
9457065429
9129252486
9656655065
6832434500
7344766592
9984711169
6644603980
9824896644
7772829047
9276494862
7306387478
7086108361
6783322643
7283786094
8827751371
8807124134
9885061060
9720991306
9185266613
8541212602
6921445767
8227125575
7692643358
9608524020
7595390861
9231284223
8125539078
6786535332
7378840320
7816705685
9610907985
8031453194
7702856790
6945720773
7562646345
7347031070
9705612132
6545000259
9559927056
8004845907
9610505229
7406483086
7505208946
9781273638
9488830087
8326633915
7051800798
9124317914
7216797087
7673436277
9794055337
9046610380
9071995282
8982604131
9934345741
8642317446
8239053064
8079210160
9773331215
8191395871
8438300267
9693580361
8688062729
7634646573
9211708220
9017253810
9937521704
9602358750
9880866767
9198353091
6650482291
8169604343
9242256948
7558482711
9505289074
9637806879
7534841621
8897327653
6703336444
8041332072
7922695191
7001345035
9550973212
6949927562
9159568449
6805566397
8979475431
9549327763
7157503540
7471297110
9542436188
6726656192
7801015617
8340270861
8558273765
9495979026
9662407002
6708649540
7582323864
9988182083
6773625576
7187275175
7970646796
9473879719
7669747116
6701507122
9547826998
9123047460
7857402302
6909762743
9491274137
8595557391
9355570876
9411027345
6602602407
6603969851
9304331276
8326255415
7876939861
9629797310
7756826622
7878120354
9255288479
8433788272
9800061787
7818194489
9269341156
7090704068
6757372341
7105478431
9183495118
8025223269
9363680418
8167190567
8001471594
9119525406
6777007177
7717863687
7785278477
6753882614
6820613232
9667089002
6716093210
7509228498
8872847359
9327682967
6977610552
7266294810
9779697063
7529026249
9416773931
9749303135
7928957169
8445470398
8867833761
7168590961
8081459049
8461083228
8261618631
8400769507
7414788333
9208271392
8231773401
7673711814
8632572360
9051856506
7383768163
7402075531
9370085837
8390889698
8933957983
7471802062
8788132726
8127286724
8169966286
7865310623
7753642181
8710748713
8551071999
9156872239
9806566527
